              precision    recall  f1-score   support

           0       0.89      0.81      0.85      2091
           1       0.93      0.88      0.91       273
           2       0.87      0.89      0.88      2584
           3       0.87      0.94      0.90      5265
           4       0.80      0.55      0.65       335
           5       0.82      0.67      0.74       852

    accuracy                           0.87     11400
   macro avg       0.86      0.79      0.82     11400
weighted avg       0.87      0.87      0.87     11400
